0 0 1
0.0526316 0 1
0.105263 0 1
0.157895 0 1
0.210526 0 1
0.263158 0 1
0.315789 0 1
0.368421 0 1
0.421053 0 1
0.473684 0 1
0.526316 0 1
0.578947 0 1
0.631579 0 1
0.684211 0 1
0.736842 0 1
0.789474 0 1
0.842105 0 1
0.894737 0 1
0.947368 0 1
1 0 1
0 0.0526316 1
0.0526316 0.0526316 1.05546
0.105263 0.0526316 1.11601
0.157895 0.0526316 1.16163
0.210526 0.0526316 1.20443
0.263158 0.0526316 1.24794
0.315789 0.0526316 1.2915
0.368421 0.0526316 1.33459
0.421053 0.0526316 1.37691
0.473684 0.0526316 1.41793
0.526316 0.0526316 1.45721
0.578947 0.0526316 1.49414
0.631579 0.0526316 1.5279
0.684211 0.0526316 1.5573
0.736842 0.0526316 1.58032
0.789474 0.0526316 1.59323
0.842105 0.0526316 1.58826
0.894737 0.0526316 1.54694
0.947368 0.0526316 1.41936
1 0.0526316 1.05261
0 0.105263 1
0.0526316 0.105263 1.053
0.105263 0.105263 1.09758
0.157895 0.105263 1.14112
0.210526 0.105263 1.18231
0.263158 0.105263 1.22271
0.315789 0.105263 1.26226
0.368421 0.105263 1.30104
0.421053 0.105263 1.33881
0.473684 0.105263 1.375
0.526316 0.105263 1.40897
0.578947 0.105263 1.43981
0.631579 0.105263 1.46628
0.684211 0.105263 1.48657
0.736842 0.105263 1.49785
0.789474 0.105263 1.49545
0.842105 0.105263 1.47136
0.894737 0.105263 1.41183
0.947368 0.105263 1.29543
1 0.105263 1.10507
0 0.157895 1
0.0526316 0.157895 1.04109
0.105263 0.157895 1.07857
0.157895 0.157895 1.11714
0.210526 0.157895 1.15489
0.263158 0.157895 1.19205
0.315789 0.157895 1.22846
0.368421 0.157895 1.26408
0.421053 0.157895 1.2986
0.473684 0.157895 1.33135
0.526316 0.157895 1.36165
0.578947 0.157895 1.38845
0.631579 0.157895 1.4104
0.684211 0.157895 1.42561
0.736842 0.157895 1.43137
0.789474 0.157895 1.42386
0.842105 0.157895 1.39768
0.894737 0.157895 1.34622
0.947368 0.157895 1.26417
1 0.157895 1.15724
0 0.210526 1
0.0526316 0.210526 1.03133
0.105263 0.210526 1.06249
0.157895 0.210526 1.09497
0.210526 0.210526 1.12798
0.263158 0.210526 1.16136
0.315789 0.210526 1.19466
0.368421 0.210526 1.22756
0.421053 0.210526 1.25954
0.473684 0.210526 1.28997
0.526316 0.210526 1.31807
0.578947 0.210526 1.3428
0.631579 0.210526 1.36289
0.684211 0.210526 1.37668
0.736842 0.210526 1.38209
0.789474 0.210526 1.37648
0.842105 0.210526 1.35698
0.894737 0.210526 1.32126
0.947368 0.210526 1.26964
1 0.210526 1.20897
0 0.263158 1
0.0526316 0.263158 1.02422
0.105263 0.263158 1.0495
0.157895 0.263158 1.07611
0.210526 0.263158 1.10419
0.263158 0.263158 1.13363
0.315789 0.263158 1.16374
0.368421 0.263158 1.19407
0.421053 0.263158 1.22399
0.473684 0.263158 1.25284
0.526316 0.263158 1.27986
0.578947 0.263158 1.30408
0.631579 0.263158 1.32443
0.684211 0.263158 1.33957
0.736842 0.263158 1.34803
0.789474 0.263158 1.34822
0.842105 0.263158 1.33882
0.894737 0.263158 1.31938
0.947368 0.263158 1.29154
1 0.263158 1.26013
0 0.315789 1
0.0526316 0.315789 1.01872
0.105263 0.315789 1.03873
0.157895 0.315789 1.06038
0.210526 0.315789 1.08407
0.263158 0.315789 1.10969
0.315789 0.315789 1.13671
0.368421 0.315789 1.16461
0.421053 0.315789 1.19282
0.473684 0.315789 1.22066
0.526316 0.315789 1.24743
0.578947 0.315789 1.27228
0.631579 0.315789 1.29435
0.684211 0.315789 1.31261
0.736842 0.315789 1.32609
0.789474 0.315789 1.33383
0.842105 0.315789 1.3353
0.894737 0.315789 1.33068
0.947368 0.315789 1.32144
1 0.315789 1.31057
0 0.368421 1
0.0526316 0.368421 1.01436
0.105263 0.368421 1.03006
0.157895 0.368421 1.04761
0.210526 0.368421 1.06745
0.263158 0.368421 1.08961
0.315789 0.368421 1.11372
0.368421 0.368421 1.13943
0.421053 0.368421 1.16619
0.473684 0.368421 1.19338
0.526316 0.368421 1.2204
0.578947 0.368421 1.24657
0.631579 0.368421 1.27122
0.684211 0.368421 1.29358
0.736842 0.368421 1.31298
0.789474 0.368421 1.32883
0.842105 0.368421 1.3409
0.894737 0.368421 1.3494
0.947368 0.368421 1.35526
1 0.368421 1.36014
0 0.421053 1
0.0526316 0.421053 1.01101
0.105263 0.421053 1.02321
0.157895 0.421053 1.03735
0.210526 0.421053 1.05384
0.263158 0.421053 1.07294
0.315789 0.421053 1.09446
0.368421 0.421053 1.11815
0.421053 0.421053 1.14359
0.473684 0.421053 1.17031
0.526316 0.421053 1.19785
0.578947 0.421053 1.22567
0.631579 0.421053 1.25327
0.684211 0.421053 1.28011
0.736842 0.421053 1.30572
0.789474 0.421053 1.32969
0.842105 0.421053 1.35178
0.894737 0.421053 1.37203
0.947368 0.421053 1.39078
1 0.421053 1.40872
0 0.473684 1
0.0526316 0.473684 1.00832
0.105263 0.473684 1.01774
0.157895 0.473684 1.02904
0.210526 0.473684 1.04272
0.263158 0.473684 1.05915
0.315789 0.473684 1.07832
0.368421 0.473684 1.10013
0.421053 0.473684 1.12432
0.473684 0.473684 1.15061
0.526316 0.473684 1.17866
0.578947 0.473684 1.20813
0.631579 0.473684 1.23868
0.684211 0.473684 1.27
0.736842 0.473684 1.30171
0.789474 0.473684 1.33351
0.842105 0.473684 1.36508
0.894737 0.473684 1.39617
0.947368 0.473684 1.42657
1 0.473684 1.45617
0 0.526316 1
0.0526316 0.526316 1.00616
0.105263 0.526316 1.01331
0.157895 0.526316 1.02226
0.210526 0.526316 1.03356
0.263158 0.526316 1.04763
0.315789 0.526316 1.06464
0.368421 0.526316 1.08464
0.421053 0.526316 1.10757
0.473684 0.526316 1.13329
0.526316 0.526316 1.16164
0.578947 0.526316 1.19249
0.631579 0.526316 1.22572
0.684211 0.526316 1.26117
0.736842 0.526316 1.29865
0.789474 0.526316 1.33789
0.842105 0.526316 1.37852
0.894737 0.526316 1.41999
0.947368 0.526316 1.46157
1 0.526316 1.50235
0 0.578947 1
0.0526316 0.578947 1.0044
0.105263 0.578947 1.0097
0.157895 0.578947 1.01666
0.210526 0.578947 1.0259
0.263158 0.578947 1.03785
0.315789 0.578947 1.05284
0.368421 0.578947 1.07105
0.421053 0.578947 1.09257
0.473684 0.578947 1.11744
0.526316 0.578947 1.1457
0.578947 0.578947 1.17745
0.631579 0.578947 1.21277
0.684211 0.578947 1.25174
0.736842 0.578947 1.29441
0.789474 0.578947 1.34065
0.842105 0.578947 1.39007
0.894737 0.578947 1.44189
0.947368 0.578947 1.49483
1 0.578947 1.54714
0 0.631579 1
0.0526316 0.631579 1.00296
0.105263 0.631579 1.00672
0.157895 0.631579 1.01201
0.210526 0.631579 1.01943
0.263158 0.631579 1.02946
0.315789 0.631579 1.0425
0.368421 0.631579 1.05884
0.421053 0.631579 1.0787
0.473684 0.631579 1.1023
0.526316 0.631579 1.1299
0.578947 0.631579 1.1618
0.631579 0.631579 1.19835
0.684211 0.631579 1.23995
0.736842 0.631579 1.28697
0.789474 0.631579 1.33957
0.842105 0.631579 1.39758
0.894737 0.631579 1.4601
0.947368 0.631579 1.52532
1 0.631579 1.59042
0 0.684211 1
0.0526316 0.684211 1.00179
0.105263 0.684211 1.00427
0.157895 0.684211 1.00814
0.210526 0.684211 1.01393
0.263158 0.684211 1.02216
0.315789 0.684211 1.03326
0.368421 0.684211 1.04759
0.421053 0.684211 1.06548
0.473684 0.684211 1.0873
0.526316 0.684211 1.11348
0.578947 0.684211 1.14455
0.631579 0.684211 1.18118
0.684211 0.684211 1.22413
0.736842 0.684211 1.27425
0.789474 0.684211 1.33228
0.842105 0.684211 1.39854
0.894737 0.684211 1.47241
0.947368 0.684211 1.55165
1 0.684211 1.63206
0 0.736842 1
0.0526316 0.736842 1.00086
0.105263 0.736842 1.00231
0.157895 0.736842 1.00495
0.210526 0.736842 1.0093
0.263158 0.736842 1.01582
0.315789 0.736842 1.02495
0.368421 0.736842 1.03709
0.421053 0.736842 1.05264
0.473684 0.736842 1.07207
0.526316 0.736842 1.09596
0.578947 0.736842 1.12501
0.631579 0.736842 1.1602
0.684211 0.736842 1.20274
0.736842 0.736842 1.25412
0.789474 0.736842 1.31595
0.842105 0.736842 1.38963
0.894737 0.736842 1.47556
0.947368 0.736842 1.57169
1 0.736842 1.67195
0 0.789474 1
0.0526316 0.789474 1.00015
0.105263 0.789474 1.0008
0.157895 0.789474 1.00244
0.210526 0.789474 1.00548
0.263158 0.789474 1.01038
0.315789 0.789474 1.01752
0.368421 0.789474 1.0273
0.421053 0.789474 1.04014
0.473684 0.789474 1.05655
0.526316 0.789474 1.07716
0.578947 0.789474 1.10283
0.631579 0.789474 1.13475
0.684211 0.789474 1.17455
0.736842 0.789474 1.22444
0.789474 0.789474 1.28725
0.842105 0.789474 1.36628
0.894737 0.789474 1.4644
0.947368 0.789474 1.58152
1 0.789474 1.70998
0 0.842105 1
0.0526316 0.842105 0.999691
0.105263 0.842105 0.999767
0.157895 0.842105 1.00059
0.210526 0.842105 1.00252
0.263158 0.842105 1.0059
0.315789 0.842105 1.01107
0.368421 0.842105 1.01836
0.421053 0.842105 1.02816
0.473684 0.842105 1.04093
0.526316 0.842105 1.05731
0.578947 0.842105 1.07815
0.631579 0.842105 1.10473
0.684211 0.842105 1.13889
0.736842 0.842105 1.18343
0.789474 0.842105 1.2425
0.842105 0.842105 1.32212
0.894737 0.842105 1.43006
0.947368 0.842105 1.57307
1 0.842105 1.74605
0 0.894737 1
0.0526316 0.894737 0.999487
0.105263 0.894737 0.99924
0.157895 0.894737 0.999503
0.210526 0.894737 1.00052
0.263158 0.894737 1.00254
0.315789 0.894737 1.0058
0.368421 0.894737 1.01055
0.421053 0.894737 1.01708
0.473684 0.894737 1.02576
0.526316 0.894737 1.03707
0.578947 0.894737 1.05176
0.631579 0.894737 1.07089
0.684211 0.894737 1.09618
0.736842 0.894737 1.13046
0.789474 0.894737 1.17857
0.842105 0.894737 1.24909
0.894737 0.894737 1.35713
0.947368 0.894737 1.527
1 0.894737 1.78004
0 0.947368 1
0.0526316 0.947368 0.999583
0.105263 0.947368 0.999295
0.157895 0.947368 0.999263
0.210526 0.947368 0.999619
0.263158 0.947368 1.00048
0.315789 0.947368 1.002
0.368421 0.947368 1.00427
0.421053 0.947368 1.00747
0.473684 0.947368 1.0118
0.526316 0.947368 1.01752
0.578947 0.947368 1.02505
0.631579 0.947368 1.03503
0.684211 0.947368 1.0485
0.736842 0.947368 1.06735
0.789474 0.947368 1.09526
0.842105 0.947368 1.14012
0.894737 0.947368 1.22103
0.947368 0.947368 1.39053
1 0.947368 1.81188
0 1 1
0.0526316 1 1.05261
0.105263 1 1.10507
0.157895 1 1.15724
0.210526 1 1.20897
0.263158 1 1.26013
0.315789 1 1.31057
0.368421 1 1.36014
0.421053 1 1.40872
0.473684 1 1.45617
0.526316 1 1.50235
0.578947 1 1.54714
0.631579 1 1.59042
0.684211 1 1.63206
0.736842 1 1.67195
0.789474 1 1.70998
0.842105 1 1.74605
0.894737 1 1.78004
0.947368 1 1.81188
1 1 1.84147
