0.0526316 0.0526316 0.0525425
0.105263 0.0526316 0.109858
0.157895 0.0526316 0.152054
0.210526 0.0526316 0.191236
0.263158 0.0526316 0.230896
0.315789 0.0526316 0.27039
0.368421 0.0526316 0.309207
0.421053 0.0526316 0.347057
0.473684 0.0526316 0.383443
0.526316 0.0526316 0.417935
0.578947 0.0526316 0.449961
0.631579 0.0526316 0.478755
0.684211 0.0526316 0.503185
0.736842 0.0526316 0.52134
0.789474 0.0526316 0.52969
0.842105 0.0526316 0.520876
0.894737 0.0526316 0.477397
0.947368 0.0526316 0.351979
0.0526316 0.105263 0.0472009
0.105263 0.105263 0.0855504
0.157895 0.105263 0.122469
0.210526 0.105263 0.156682
0.263158 0.105263 0.189754
0.315789 0.105263 0.221662
0.368421 0.105263 0.252481
0.421053 0.105263 0.282008
0.473684 0.105263 0.309726
0.526316 0.105263 0.335046
0.578947 0.105263 0.357154
0.631579 0.105263 0.374943
0.684211 0.105263 0.386782
0.736842 0.105263 0.390138
0.789474 0.105263 0.380828
0.842105 0.105263 0.351699
0.894737 0.105263 0.290469
0.947368 0.105263 0.178137
0.0526316 0.157895 0.0325066
0.105263 0.157895 0.0609386
0.157895 0.157895 0.0899689
0.210526 0.157895 0.117739
0.263158 0.157895 0.144509
0.315789 0.157895 0.170135
0.368421 0.157895 0.194629
0.421053 0.157895 0.217701
0.473684 0.157895 0.238789
0.526316 0.157895 0.257284
0.578947 0.157895 0.272305
0.631579 0.157895 0.282701
0.684211 0.157895 0.286857
0.736842 0.157895 0.2825
0.789474 0.157895 0.266403
0.842105 0.157895 0.234073
0.894737 0.157895 0.180061
0.947368 0.157895 0.100212
0.0526316 0.210526 0.020027
0.105263 0.210526 0.0394555
0.157895 0.210526 0.0597533
0.210526 0.210526 0.0801265
0.263158 0.210526 0.100423
0.315789 0.210526 0.120234
0.368421 0.210526 0.139281
0.421053 0.210526 0.157104
0.473684 0.210526 0.173176
0.526316 0.210526 0.186831
0.578947 0.210526 0.197238
0.631579 0.210526 0.20336
0.684211 0.210526 0.203872
0.736842 0.210526 0.197128
0.789474 0.210526 0.181082
0.842105 0.210526 0.15354
0.894737 0.210526 0.112869
0.947368 0.210526 0.0596862
0.0526316 0.263158 0.0102301
0.105263 0.263158 0.0212165
0.157895 0.263158 0.0331952
0.210526 0.263158 0.0462564
0.263158 0.263158 0.0602633
0.315789 0.263158 0.0745456
0.368421 0.263158 0.0886836
0.421053 0.263158 0.102117
0.473684 0.263158 0.114297
0.526316 0.263158 0.124594
0.578947 0.263158 0.132242
0.631579 0.263158 0.136423
0.684211 0.263158 0.136112
0.736842 0.263158 0.130241
0.789474 0.263158 0.117684
0.842105 0.263158 0.0975749
0.894737 0.263158 0.0698105
0.947368 0.263158 0.0359409
0.0526316 0.315789 0.00206643
0.105263 0.315789 0.00531688
0.157895 0.315789 0.0100374
0.210526 0.315789 0.0165362
0.263158 0.315789 0.0246386
0.315789 0.315789 0.0337855
0.368421 0.315789 0.0434821
0.421053 0.315789 0.0531957
0.473684 0.315789 0.0623461
0.526316 0.315789 0.0703461
0.578947 0.315789 0.0765507
0.631579 0.315789 0.0803081
0.684211 0.315789 0.0808844
0.736842 0.315789 0.0776007
0.789474 0.315789 0.0698612
0.842105 0.315789 0.0574079
0.894737 0.315789 0.0405692
0.947368 0.315789 0.0206321
0.0526316 0.368421 0.00493213
0.105263 0.368421 0.00839001
0.157895 0.368421 0.00995247
0.210526 0.368421 0.00931623
0.263158 0.368421 0.00656067
0.315789 0.368421 0.00211142
0.368421 0.368421 0.00361837
0.421053 0.368421 0.0101188
0.473684 0.368421 0.0168282
0.526316 0.368421 0.0232265
0.578947 0.368421 0.0287962
0.631579 0.368421 0.0330122
0.684211 0.368421 0.03535
0.736842 0.368421 0.0353512
0.789474 0.368421 0.0326863
0.842105 0.368421 0.0272794
0.894737 0.368421 0.0194153
0.947368 0.368421 0.00989097
0.0526316 0.421053 0.0109085
0.105263 0.421053 0.0201998
0.157895 0.421053 0.0272735
0.210526 0.421053 0.0318631
0.263158 0.421053 0.0338894
0.315789 0.421053 0.0336506
0.368421 0.421053 0.0314844
0.421053 0.421053 0.0278516
0.473684 0.421053 0.0232145
0.526316 0.421053 0.0179963
0.578947 0.421053 0.0126361
0.631579 0.421053 0.00755105
0.684211 0.421053 0.00312054
0.736842 0.421053 0.000321705
0.789474 0.421053 0.00253592
0.842105 0.421053 0.00340707
0.894737 0.421053 0.00302972
0.947368 0.421053 0.00171681
0.0526316 0.473684 0.0162029
0.105263 0.473684 0.0305762
0.157895 0.473684 0.0425107
0.210526 0.473684 0.0516885
0.263158 0.473684 0.0579717
0.315789 0.473684 0.0615398
0.368421 0.473684 0.0626261
0.421053 0.473684 0.0615995
0.473684 0.473684 0.0588079
0.526316 0.473684 0.0546028
0.578947 0.473684 0.0493245
0.631579 0.473684 0.0432868
0.684211 0.473684 0.036753
0.736842 0.473684 0.0300119
0.789474 0.473684 0.023289
0.842105 0.473684 0.0167947
0.894737 0.473684 0.0106868
0.947368 0.473684 0.00507355
0.0526316 0.526316 0.0209542
0.105263 0.526316 0.039852
0.157895 0.526316 0.0560902
0.210526 0.526316 0.0693503
0.263158 0.526316 0.0794585
0.315789 0.526316 0.0864955
0.368421 0.526316 0.0905969
0.421053 0.526316 0.0920032
0.473684 0.526316 0.0909936
0.526316 0.526316 0.0878221
0.578947 0.526316 0.082708
0.631579 0.526316 0.075848
0.684211 0.526316 0.0674414
0.736842 0.526316 0.0576962
0.789474 0.526316 0.046852
0.842105 0.526316 0.0352193
0.894737 0.526316 0.0231869
0.947368 0.526316 0.0112584
0.0526316 0.578947 0.025293
0.105263 0.578947 0.0482681
0.157895 0.578947 0.0683825
0.210526 0.578947 0.0853113
0.263158 0.578947 0.0989032
0.315789 0.578947 0.109127
0.368421 0.578947 0.11606
0.421053 0.578947 0.11986
0.473684 0.578947 0.120688
0.526316 0.578947 0.118703
0.578947 0.578947 0.113991
0.631579 0.578947 0.106655
0.684211 0.578947 0.0967636
0.736842 0.578947 0.084427
0.789474 0.578947 0.0698456
0.842105 0.578947 0.0533777
0.894737 0.578947 0.0356195
0.947368 0.578947 0.017456
0.0526316 0.631579 0.0293011
0.105263 0.631579 0.0559935
0.157895 0.631579 0.0796235
0.210526 0.631579 0.0999023
0.263158 0.631579 0.116674
0.315789 0.631579 0.129893
0.368421 0.631579 0.139572
0.421053 0.631579 0.14579
0.473684 0.631579 0.148623
0.526316 0.631579 0.148096
0.578947 0.631579 0.144201
0.631579 0.631579 0.136882
0.684211 0.631579 0.12606
0.736842 0.631579 0.111672
0.789474 0.631579 0.0937868
0.842105 0.631579 0.0726911
0.894737 0.631579 0.0491016
0.947368 0.631579 0.0242786
0.0526316 0.684211 0.0330243
0.105263 0.684211 0.0631417
0.157895 0.684211 0.0899848
0.210526 0.684211 0.113349
0.263158 0.684211 0.133091
0.315789 0.684211 0.149152
0.368421 0.684211 0.161535
0.421053 0.684211 0.170267
0.473684 0.684211 0.175323
0.526316 0.684211 0.176648
0.578947 0.684211 0.174112
0.631579 0.684211 0.167484
0.684211 0.684211 0.156491
0.736842 0.684211 0.140802
0.789474 0.684211 0.12019
0.842105 0.684211 0.0946923
0.894737 0.684211 0.0649372
0.947368 0.684211 0.0324859
0.0526316 0.736842 0.0364977
0.105263 0.736842 0.0697656
0.157895 0.736842 0.0995729
0.210526 0.736842 0.125771
0.263158 0.736842 0.148299
0.315789 0.736842 0.167107
0.368421 0.736842 0.182203
0.421053 0.736842 0.193564
0.473684 0.736842 0.20113
0.526316 0.736842 0.20477
0.578947 0.736842 0.204246
0.631579 0.736842 0.199174
0.684211 0.736842 0.189018
0.736842 0.736842 0.173102
0.789474 0.736842 0.150706
0.842105 0.736842 0.121286
0.894737 0.736842 0.0849497
0.947368 0.736842 0.04325
0.0526316 0.789474 0.0397344
0.105263 0.789474 0.0759026
0.157895 0.789474 0.108414
0.210526 0.789474 0.13725
0.263158 0.789474 0.16239
0.315789 0.789474 0.183852
0.368421 0.789474 0.20165
0.421053 0.789474 0.215772
0.473684 0.789474 0.226143
0.526316 0.789474 0.232607
0.578947 0.789474 0.234848
0.631579 0.789474 0.232348
0.684211 0.789474 0.224348
0.736842 0.789474 0.209766
0.789474 0.789474 0.187187
0.842105 0.789474 0.155008
0.894737 0.789474 0.111989
0.947368 0.789474 0.0586826
0.0526316 0.842105 0.0427227
0.105263 0.842105 0.0815415
0.157895 0.842105 0.116532
0.210526 0.842105 0.147777
0.263158 0.842105 0.175351
0.315789 0.842105 0.199343
0.368421 0.842105 0.219828
0.421053 0.842105 0.236811
0.473684 0.842105 0.250262
0.526316 0.842105 0.260025
0.578947 0.842105 0.265788
0.631579 0.842105 0.267
0.684211 0.842105 0.262767
0.736842 0.842105 0.251674
0.789474 0.842105 0.23156
0.842105 0.842105 0.199286
0.894737 0.842105 0.150882
0.947368 0.842105 0.083193
0.0526316 0.894737 0.0454474
0.105263 0.894737 0.0866547
0.157895 0.894737 0.123862
0.210526 0.894737 0.157284
0.263158 0.894737 0.187102
0.315789 0.894737 0.213483
0.368421 0.894737 0.236574
0.421053 0.894737 0.256458
0.473684 0.894737 0.273155
0.526316 0.894737 0.286597
0.578947 0.894737 0.296554
0.631579 0.894737 0.302581
0.684211 0.894737 0.303864
0.736842 0.894737 0.298963
0.789474 0.894737 0.285316
0.842105 0.894737 0.258336
0.894737 0.894737 0.209933
0.947368 0.894737 0.127292
0.0526316 0.947368 0.0478719
0.105263 0.947368 0.0911844
0.157895 0.947368 0.13034
0.210526 0.947368 0.165681
0.263158 0.947368 0.197515
0.315789 0.947368 0.226095
0.368421 0.947368 0.251655
0.421053 0.947368 0.274368
0.473684 0.947368 0.294345
0.526316 0.947368 0.311655
0.578947 0.947368 0.32624
0.631579 0.947368 0.337909
0.684211 0.947368 0.346222
0.736842 0.947368 0.350259
0.789474 0.947368 0.348106
0.842105 0.947368 0.335524
0.894737 0.947368 0.30216
0.947368 0.947368 0.219582
